Date	Open	High	Low	Close	Adj Close	Volume
Jan 22, 2024	4,853.42	4,906.69	4,844.05	4,890.97	4,890.97	19,914,270,000
Jan 15, 2024	4,772.35	4,842.07	4,714.82	4,839.81	4,839.81	16,495,350,000
Jan 08, 2024	4,703.70	4,802.40	4,699.82	4,783.83	4,783.83	18,017,190,000
Jan 01, 2024	4,745.20	4,754.33	4,682.11	4,697.24	4,697.24	15,253,660,000
Dec 25, 2023	4,758.86	4,793.30	4,751.99	4,769.83	4,769.83	11,087,280,000
Dec 18, 2023	4,725.58	4,778.01	4,697.82	4,754.63	4,754.63	18,766,580,000
Dec 11, 2023	4,593.39	4,738.57	4,593.39	4,719.19	4,719.19	27,228,260,000
Dec 04, 2023	4,564.37	4,609.23	4,546.50	4,604.37	4,604.37	20,051,430,000
Nov 27, 2023	4,554.86	4,599.39	4,537.24	4,594.63	4,594.63	21,205,410,000
Nov 20, 2023	4,511.70	4,568.43	4,510.36	4,559.34	4,559.34	11,838,180,000
Nov 13, 2023	4,406.66	4,521.17	4,393.82	4,514.02	4,514.02	20,115,520,000
Nov 06, 2023	4,364.27	4,418.03	4,343.94	4,415.24	4,415.24	18,742,940,000
Oct 29, 2023	4,139.39	4,373.62	4,132.94	4,358.34	4,358.34	21,626,250,000
Oct 22, 2023	4,210.40	4,259.38	4,103.78	4,117.37	4,117.37	19,764,430,000
Oct 15, 2023	4,342.37	4,393.57	4,223.03	4,224.16	4,224.16	18,864,600,000
Oct 08, 2023	4,289.02	4,385.85	4,283.79	4,327.78	4,327.78	17,576,230,000
Oct 01, 2023	4,284.52	4,324.10	4,216.45	4,308.50	4,308.50	19,153,590,000
Sep 24, 2023	4,310.62	4,338.51	4,238.63	4,288.05	4,288.05	18,256,060,000
Sep 17, 2023	4,445.13	4,466.36	4,316.49	4,320.06	4,320.06	17,096,470,000
Sep 10, 2023	4,480.98	4,511.99	4,447.21	4,450.32	4,450.32	20,916,040,000
Sep 03, 2023	4,510.06	4,514.29	4,430.46	4,457.49	4,457.49	13,968,150,000
Aug 27, 2023	4,426.03	4,541.25	4,414.98	4,515.77	4,515.77	16,568,780,000
Aug 20, 2023	4,380.28	4,458.30	4,356.29	4,405.71	4,405.71	18,106,530,000
Aug 13, 2023	4,458.13	4,490.33	4,335.31	4,369.71	4,369.71	19,366,670,000
Aug 06, 2023	4,491.58	4,527.37	4,443.98	4,464.05	4,464.05	19,439,590,000
Jul 30, 2023	4,584.82	4,594.22	4,474.55	4,478.03	4,478.03	21,109,110,000
Jul 23, 2023	4,543.39	4,607.07	4,528.56	4,582.23	4,582.23	20,193,230,000
Jul 16, 2023	4,508.86	4,578.43	4,504.90	4,536.34	4,536.34	19,075,880,000
Jul 09, 2023	4,394.23	4,527.76	4,389.92	4,505.42	4,505.42	18,461,090,000
Jul 02, 2023	4,450.48	4,456.46	4,385.05	4,398.95	4,398.95	12,829,400,000
Jun 25, 2023	4,344.84	4,458.48	4,328.08	4,450.38	4,450.38	18,347,970,000
Jun 18, 2023	4,396.11	4,400.15	4,341.34	4,348.33	4,348.33	17,329,740,000
Jun 11, 2023	4,308.32	4,448.47	4,304.37	4,409.59	4,409.59	23,498,470,000
Jun 04, 2023	4,282.99	4,322.62	4,261.07	4,298.86	4,298.86	19,960,900,000
May 28, 2023	4,226.71	4,290.67	4,166.15	4,282.37	4,282.37	19,055,240,000
May 21, 2023	4,190.78	4,212.87	4,103.98	4,205.45	4,205.45	19,486,220,000
May 14, 2023	4,126.65	4,212.91	4,109.86	4,191.98	4,191.98	19,277,850,000
May 07, 2023	4,136.98	4,154.28	4,098.92	4,124.08	4,124.08	18,795,580,000
Apr 30, 2023	4,166.79	4,186.92	4,048.28	4,136.25	4,136.25	21,160,370,000
Apr 23, 2023	4,132.07	4,170.06	4,049.35	4,169.48	4,169.48	18,944,960,000
Apr 16, 2023	4,137.17	4,169.48	4,113.86	4,133.52	4,133.52	18,104,210,000
Apr 09, 2023	4,085.20	4,163.19	4,072.55	4,137.64	4,137.64	17,894,880,000
Apr 02, 2023	4,102.20	4,133.13	4,069.84	4,105.02	4,105.02	15,917,210,000
Mar 26, 2023	3,982.93	4,110.75	3,951.53	4,109.31	4,109.31	20,849,370,000
Mar 19, 2023	3,917.47	4,039.49	3,909.16	3,970.99	3,970.99	24,375,960,000
Mar 12, 2023	3,835.12	3,964.46	3,808.86	3,916.64	3,916.64	33,867,970,000
Mar 06, 2023	4,055.15	4,078.49	3,846.32	3,861.59	3,861.59	21,422,390,000
Feb 27, 2023	3,992.36	4,048.29	3,928.16	4,045.64	4,045.64	21,459,460,000
Feb 20, 2023	4,052.35	4,052.35	3,943.08	3,970.04	3,970.04	16,031,550,000
Feb 13, 2023	4,096.62	4,159.77	4,047.95	4,079.09	4,079.09	19,642,940,000
Feb 06, 2023	4,119.57	4,176.54	4,060.79	4,090.46	4,090.46	20,661,640,000
Jan 30, 2023	4,049.27	4,195.44	4,015.55	4,136.48	4,136.48	23,657,120,000
Jan 23, 2023	3,978.14	4,094.21	3,949.06	4,070.56	4,070.56	18,707,010,000
Jan 16, 2023	3,999.28	4,015.39	3,885.54	3,972.61	3,972.61	16,539,130,000
Jan 09, 2023	3,910.82	4,003.95	3,877.29	3,999.09	3,999.09	20,846,120,000
Jan 02, 2023	3,853.29	3,906.19	3,794.33	3,895.08	3,895.08	16,190,230,000
Dec 26, 2022	3,843.34	3,858.19	3,780.78	3,839.50	3,839.50	12,097,370,000
Dec 19, 2022	3,853.79	3,889.82	3,764.49	3,844.82	3,844.82	18,506,410,000
Dec 12, 2022	3,939.29	4,100.96	3,827.91	3,852.36	3,852.36	25,443,390,000
Dec 05, 2022	4,052.02	4,052.45	3,918.39	3,934.38	3,934.38	20,662,410,000
Nov 28, 2022	4,005.36	4,100.51	3,937.65	4,071.70	4,071.70	22,280,580,000
Nov 21, 2022	3,956.23	4,034.02	3,933.34	4,026.12	4,026.12	12,724,860,000
Nov 14, 2022	3,977.97	4,028.84	3,906.54	3,965.34	3,965.34	21,831,700,000
Nov 07, 2022	3,780.71	4,001.48	3,744.22	3,992.93	3,992.93	24,968,840,000
Oct 30, 2022	3,881.85	3,911.79	3,698.15	3,770.55	3,770.55	24,226,300,000
Oct 23, 2022	3,762.01	3,905.42	3,741.65	3,901.06	3,901.06	23,555,090,000
Oct 16, 2022	3,638.65	3,762.79	3,638.65	3,752.75	3,752.75	22,634,960,000
Oct 09, 2022	3,647.51	3,712.00	3,491.58	3,583.07	3,583.07	21,864,890,000
Oct 02, 2022	3,609.78	3,806.91	3,604.93	3,639.66	3,639.66	22,948,200,000
Sep 25, 2022	3,682.72	3,736.74	3,584.13	3,585.62	3,585.62	24,475,900,000
Sep 18, 2022	3,849.91	3,907.07	3,647.47	3,693.23	3,693.23	21,332,100,000
Sep 11, 2022	4,083.67	4,119.28	3,837.08	3,873.33	3,873.33	24,728,470,000
Sep 04, 2022	3,930.89	4,076.81	3,886.75	4,067.36	4,067.36	15,886,450,000
Aug 28, 2022	4,034.58	4,062.99	3,903.65	3,924.26	3,924.26	19,592,960,000
Aug 21, 2022	4,195.08	4,203.04	4,057.66	4,057.66	4,057.66	18,714,200,000
Aug 14, 2022	4,269.37	4,325.28	4,218.70	4,228.48	4,228.48	19,013,350,000
Aug 07, 2022	4,155.93	4,280.47	4,112.09	4,280.15	4,280.15	21,098,400,000
Jul 31, 2022	4,112.38	4,167.66	4,079.81	4,145.19	4,145.19	21,651,540,000
Jul 24, 2022	3,965.72	4,140.15	3,910.74	4,130.29	4,130.29	20,488,830,000
Jul 17, 2022	3,883.79	4,012.44	3,818.63	3,961.63	3,961.63	20,385,270,000
Jul 10, 2022	3,880.94	3,880.94	3,721.56	3,863.16	3,863.16	19,693,570,000
Jul 03, 2022	3,792.61	3,918.50	3,742.06	3,899.38	3,899.38	17,073,700,000
Jun 26, 2022	3,920.76	3,945.86	3,738.67	3,825.33	3,825.33	21,693,690,000
Jun 19, 2022	3,715.31	3,913.65	3,715.31	3,911.74	3,911.74	23,570,150,000
Jun 12, 2022	3,838.15	3,838.15	3,636.87	3,674.84	3,674.84	30,486,930,000
Jun 05, 2022	4,134.72	4,168.78	3,900.16	3,900.86	3,900.86	21,764,190,000
May 29, 2022	4,151.09	4,177.51	4,073.85	4,108.54	4,108.54	19,471,340,000
May 22, 2022	3,919.42	4,158.49	3,875.13	4,158.24	4,158.24	23,231,370,000
May 15, 2022	4,013.02	4,090.72	3,810.32	3,901.36	3,901.36	24,603,940,000
May 08, 2022	4,081.27	4,081.27	3,858.87	4,023.89	4,023.89	29,126,270,000
May 01, 2022	4,130.61	4,307.66	4,062.51	4,123.34	4,123.34	25,076,170,000
Apr 24, 2022	4,255.34	4,308.45	4,124.28	4,131.93	4,131.93	24,637,900,000
Apr 17, 2022	4,385.63	4,512.94	4,267.62	4,271.78	4,271.78	21,597,890,000
Apr 10, 2022	4,462.64	4,471.00	4,381.34	4,392.59	4,392.59	16,329,620,000
Apr 03, 2022	4,547.97	4,593.45	4,450.04	4,488.28	4,488.28	23,239,490,000
Mar 27, 2022	4,541.09	4,637.30	4,507.57	4,545.86	4,545.86	23,169,700,000
Mar 20, 2022	4,462.40	4,546.03	4,424.30	4,543.06	4,543.06	22,611,740,000
Mar 13, 2022	4,202.75	4,465.40	4,161.72	4,463.12	4,463.12	30,540,660,000
Mar 07, 2022	4,327.01	4,327.01	4,157.87	4,204.31	4,204.31	29,765,730,000
Feb 28, 2022	4,354.17	4,416.78	4,279.54	4,328.87	4,328.87	28,092,740,000
Feb 21, 2022	4,332.74	4,385.34	4,114.65	4,384.65	4,384.65	21,848,520,000
Feb 14, 2022	4,412.61	4,489.55	4,327.22	4,348.87	4,348.87	22,562,340,000
Feb 07, 2022	4,505.75	4,590.03	4,401.41	4,418.64	4,418.64	23,778,810,000
Jan 31, 2022	4,431.79	4,595.31	4,414.02	4,500.53	4,500.53	23,505,280,000
Jan 24, 2022	4,356.32	4,453.23	4,222.62	4,431.85	4,431.85	27,889,090,000
Jan 17, 2022	4,632.24	4,632.24	4,395.34	4,397.94	4,397.94	19,444,410,000
Jan 10, 2022	4,655.34	4,748.83	4,582.24	4,662.85	4,662.85	21,251,840,000
Jan 03, 2022	4,778.14	4,818.62	4,662.74	4,677.03	4,677.03	21,878,940,000
Dec 27, 2021	4,733.99	4,808.93	4,733.99	4,766.18	4,766.18	14,244,290,000
Dec 20, 2021	4,587.90	4,740.74	4,531.10	4,725.79	4,725.79	14,940,780,000
Dec 13, 2021	4,710.30	4,731.99	4,600.22	4,620.64	4,620.64	26,609,380,000
Dec 06, 2021	4,548.37	4,713.57	4,540.51	4,712.02	4,712.02	21,271,750,000
Nov 29, 2021	4,628.75	4,672.95	4,495.12	4,538.43	4,538.43	26,646,380,000
Nov 22, 2021	4,712.00	4,743.83	4,585.43	4,594.62	4,594.62	15,654,820,000
Nov 15, 2021	4,689.30	4,717.75	4,672.78	4,697.96	4,697.96	19,909,710,000
Nov 08, 2021	4,701.48	4,714.92	4,630.86	4,682.85	4,682.85	20,545,980,000
Oct 31, 2021	4,610.62	4,718.50	4,595.06	4,697.53	4,697.53	21,195,930,000
Oct 24, 2021	4,553.69	4,608.08	4,537.36	4,605.38	4,605.38	20,648,340,000
Oct 17, 2021	4,463.72	4,559.67	4,447.47	4,544.90	4,544.90	18,372,450,000
Oct 10, 2021	4,385.44	4,475.82	4,329.92	4,471.37	4,471.37	17,878,150,000
Oct 03, 2021	4,348.84	4,429.97	4,278.94	4,391.34	4,391.34	19,344,290,000
Sep 26, 2021	4,442.12	4,457.30	4,288.52	4,357.04	4,357.04	20,646,370,000
Sep 19, 2021	4,402.95	4,465.40	4,305.91	4,455.48	4,455.48	20,058,800,000
Sep 12, 2021	4,474.81	4,492.99	4,427.76	4,432.99	4,432.99	22,890,790,000
Sep 05, 2021	4,535.38	4,535.38	4,457.66	4,458.58	4,458.58	14,932,410,000
Aug 29, 2021	4,513.76	4,545.85	4,513.76	4,535.43	4,535.43	18,470,230,000
Aug 22, 2021	4,450.29	4,513.33	4,450.29	4,509.37	4,509.37	17,595,630,000
Aug 15, 2021	4,461.65	4,480.26	4,367.73	4,441.67	4,441.67	19,014,210,000
Aug 08, 2021	4,437.77	4,468.37	4,424.74	4,468.00	4,468.00	17,260,230,000
Aug 01, 2021	4,406.86	4,440.82	4,373.00	4,436.52	4,436.52	19,171,320,000
Jul 25, 2021	4,409.58	4,429.97	4,372.51	4,395.26	4,395.26	20,734,210,000
Jul 18, 2021	4,296.40	4,415.18	4,233.13	4,411.79	4,411.79	21,304,580,000
Jul 11, 2021	4,372.41	4,393.68	4,322.53	4,327.16	4,327.16	18,977,190,000
Jul 04, 2021	4,356.46	4,371.60	4,289.37	4,369.55	4,369.55	16,225,570,000
Jun 27, 2021	4,284.90	4,355.43	4,274.67	4,352.34	4,352.34	19,135,150,000
Jun 20, 2021	4,173.40	4,286.12	4,173.40	4,280.70	4,280.70	22,845,800,000
Jun 13, 2021	4,248.31	4,257.16	4,164.40	4,166.45	4,166.45	24,868,180,000
Jun 06, 2021	4,229.34	4,249.74	4,208.41	4,247.44	4,247.44	22,073,020,000
May 30, 2021	4,216.52	4,234.12	4,167.93	4,229.89	4,229.89	20,636,100,000
May 23, 2021	4,170.16	4,218.36	4,170.16	4,204.11	4,204.11	23,343,500,000
May 16, 2021	4,169.92	4,188.72	4,061.41	4,155.86	4,155.86	20,744,780,000
May 09, 2021	4,228.29	4,236.39	4,056.88	4,173.85	4,173.85	22,952,900,000
May 02, 2021	4,191.98	4,238.04	4,128.59	4,232.60	4,232.60	21,280,680,000
Apr 25, 2021	4,185.03	4,218.78	4,174.85	4,181.17	4,181.17	19,845,940,000
Apr 18, 2021	4,179.80	4,194.17	4,118.38	4,180.17	4,180.17	19,855,210,000
Apr 11, 2021	4,124.71	4,191.31	4,114.82	4,185.47	4,185.47	19,506,210,000
Apr 04, 2021	4,034.44	4,129.48	4,034.44	4,128.80	4,128.80	19,754,600,000
Mar 28, 2021	3,969.31	4,020.63	3,943.25	4,019.87	4,019.87	17,489,870,000
Mar 21, 2021	3,916.48	3,978.19	3,853.50	3,974.54	3,974.54	24,199,790,000
Mar 14, 2021	3,942.96	3,983.87	3,886.75	3,913.10	3,913.10	26,950,850,000
Mar 08, 2021	3,844.39	3,960.27	3,819.25	3,943.34	3,943.34	27,021,810,000
Mar 01, 2021	3,842.51	3,914.50	3,723.34	3,841.94	3,841.94	30,870,960,000
Feb 22, 2021	3,885.55	3,928.65	3,789.54	3,811.15	3,811.15	31,300,040,000
Feb 15, 2021	3,939.61	3,950.43	3,885.03	3,906.71	3,906.71	19,428,610,000
Feb 08, 2021	3,892.59	3,937.23	3,884.94	3,934.83	3,934.83	22,779,770,000
Feb 01, 2021	3,731.17	3,894.56	3,725.62	3,886.83	3,886.83	25,573,900,000
Jan 25, 2021	3,851.68	3,870.90	3,694.12	3,714.24	3,714.24	36,751,000,000
Jan 18, 2021	3,781.88	3,861.45	3,780.37	3,841.47	3,841.47	19,193,280,000
Jan 11, 2021	3,803.14	3,823.60	3,749.62	3,768.25	3,768.25	24,631,190,000
Jan 04, 2021	3,764.61	3,826.69	3,662.71	3,824.68	3,824.68	25,542,330,000
Dec 28, 2020	3,723.03	3,760.20	3,723.03	3,756.07	3,756.07	13,262,640,000
Dec 21, 2020	3,684.28	3,711.24	3,636.48	3,703.06	3,703.06	14,464,830,000
Dec 14, 2020	3,675.27	3,726.70	3,645.84	3,709.41	3,709.41	24,367,880,000
Dec 07, 2020	3,694.73	3,712.39	3,633.40	3,663.46	3,663.46	23,655,640,000
Nov 30, 2020	3,634.18	3,699.20	3,594.39	3,699.12	3,699.12	26,933,100,000
Nov 23, 2020	3,566.82	3,644.31	3,552.77	3,638.35	3,638.35	19,026,670,000
Nov 16, 2020	3,600.16	3,628.51	3,543.84	3,557.54	3,557.54	23,992,240,000
Nov 09, 2020	3,583.04	3,645.99	3,511.91	3,585.15	3,585.15	28,872,780,000
Nov 02, 2020	3,296.20	3,529.05	3,279.74	3,509.44	3,509.44	23,047,080,000
Oct 25, 2020	3,441.42	3,441.42	3,233.94	3,269.96	3,269.96	22,860,370,000
Oct 18, 2020	3,493.66	3,502.42	3,415.34	3,465.39	3,465.39	19,936,550,000
Oct 11, 2020	3,500.02	3,549.85	3,440.89	3,483.81	3,483.81	19,317,950,000
Oct 04, 2020	3,367.27	3,482.34	3,354.54	3,477.14	3,477.14	19,772,590,000
Sep 27, 2020	3,333.90	3,397.18	3,323.69	3,348.42	3,348.42	20,402,660,000
Sep 20, 2020	3,285.57	3,323.35	3,209.45	3,298.46	3,298.46	21,594,480,000
Sep 13, 2020	3,363.56	3,428.92	3,292.40	3,319.47	3,319.47	24,071,910,000
Sep 06, 2020	3,371.88	3,425.55	3,310.47	3,340.97	3,340.97	16,545,570,000
Aug 30, 2020	3,509.73	3,588.11	3,349.63	3,426.96	3,426.96	22,095,960,000
Aug 23, 2020	3,418.09	3,509.23	3,413.13	3,508.01	3,508.01	18,975,990,000
Aug 16, 2020	3,380.86	3,399.96	3,354.69	3,397.16	3,397.16	17,745,410,000
Aug 09, 2020	3,356.04	3,387.89	3,326.44	3,372.85	3,372.85	19,619,500,000
Aug 02, 2020	3,288.26	3,352.54	3,284.53	3,351.28	3,351.28	21,777,340,000
Jul 26, 2020	3,219.84	3,272.17	3,204.13	3,271.12	3,271.12	21,774,140,000
Jul 19, 2020	3,224.29	3,279.99	3,200.05	3,215.63	3,215.63	20,789,280,000
Jul 12, 2020	3,205.08	3,238.28	3,127.66	3,224.73	3,224.73	22,082,120,000
Jul 05, 2020	3,155.29	3,186.82	3,115.70	3,185.04	3,185.04	23,635,640,000
Jun 28, 2020	3,018.59	3,165.81	2,999.74	3,130.01	3,130.01	17,826,770,000
Jun 21, 2020	3,094.42	3,154.90	3,004.63	3,009.05	3,009.05	27,951,760,000
Jun 14, 2020	2,993.76	3,155.53	2,965.66	3,097.74	3,097.74	28,959,080,000
Jun 07, 2020	3,199.92	3,233.13	2,984.47	3,041.31	3,041.31	34,390,750,000
May 31, 2020	3,038.78	3,211.72	3,031.54	3,193.93	3,193.93	30,977,470,000
May 24, 2020	3,004.08	3,068.67	2,969.75	3,044.31	3,044.31	24,991,070,000
May 17, 2020	2,913.86	2,980.29	2,913.86	2,955.45	2,955.45	25,310,860,000
May 10, 2020	2,915.46	2,945.82	2,766.64	2,863.70	2,863.70	27,249,840,000
May 03, 2020	2,815.01	2,932.16	2,797.85	2,929.80	2,929.80	24,823,610,000
Apr 26, 2020	2,854.65	2,954.86	2,821.61	2,830.71	2,830.71	28,845,520,000
Apr 19, 2020	2,845.62	2,868.98	2,727.10	2,836.74	2,836.74	26,590,900,000
Apr 12, 2020	2,782.46	2,879.22	2,721.17	2,874.56	2,874.56	27,176,880,000
Apr 05, 2020	2,578.28	2,818.57	2,574.57	2,789.82	2,789.82	27,229,510,000
Mar 29, 2020	2,558.98	2,641.39	2,447.49	2,488.65	2,488.65	30,852,490,000
Mar 22, 2020	2,290.71	2,637.01	2,191.86	2,541.47	2,541.47	37,243,200,000
Mar 15, 2020	2,508.59	2,562.98	2,280.52	2,304.92	2,304.92	41,985,050,000
Mar 08, 2020	2,863.89	2,882.59	2,478.86	2,711.02	2,711.02	40,664,410,000
Mar 02, 2020	2,974.28	3,136.72	2,901.54	2,972.37	2,972.37	29,965,390,000
Feb 24, 2020	3,257.61	3,259.81	2,855.84	2,954.22	2,954.22	31,566,850,000
Feb 17, 2020	3,369.04	3,393.52	3,328.45	3,337.75	3,337.75	15,292,560,000
Feb 10, 2020	3,318.28	3,385.09	3,317.77	3,380.16	3,380.16	18,077,170,000
Feb 03, 2020	3,235.66	3,347.96	3,235.66	3,327.71	3,327.71	19,500,010,000
Jan 27, 2020	3,247.16	3,293.47	3,214.68	3,225.52	3,225.52	19,282,920,000
Jan 20, 2020	3,321.03	3,337.77	3,281.53	3,295.47	3,295.47	15,204,110,000
Jan 13, 2020	3,271.13	3,329.88	3,268.43	3,329.62	3,329.62	18,135,300,000
Jan 06, 2020	3,217.55	3,282.99	3,214.64	3,265.35	3,265.35	17,721,020,000
Dec 30, 2019	3,240.09	3,258.14	3,212.03	3,234.85	3,234.85	12,861,110,000
Dec 23, 2019	3,226.05	3,247.93	3,220.51	3,240.02	3,240.02	8,954,750,000
Dec 16, 2019	3,183.63	3,225.65	3,183.63	3,221.22	3,221.22	22,184,930,000
Dec 09, 2019	3,141.86	3,182.68	3,126.09	3,168.80	3,168.80	17,765,280,000
Dec 02, 2019	3,143.85	3,150.60	3,070.33	3,145.91	3,145.91	17,504,100,000
Nov 25, 2019	3,117.44	3,154.26	3,117.44	3,140.98	3,140.98	12,893,650,000
Nov 18, 2019	3,117.91	3,127.64	3,091.41	3,110.29	3,110.29	18,074,100,000
Nov 11, 2019	3,080.33	3,120.46	3,075.82	3,120.46	3,120.46	16,692,290,000
Nov 04, 2019	3,078.96	3,097.77	3,065.89	3,093.08	3,093.08	20,794,290,000
Oct 27, 2019	3,032.12	3,066.95	3,023.19	3,066.91	3,066.91	19,004,660,000
Oct 20, 2019	2,996.48	3,027.39	2,991.21	3,022.55	3,022.55	17,288,670,000
Oct 13, 2019	2,965.81	3,008.29	2,962.94	2,986.20	2,986.20	15,507,120,000
Oct 06, 2019	2,944.23	2,993.28	2,892.66	2,970.27	2,970.27	15,880,820,000
Sep 29, 2019	2,967.07	2,992.53	2,855.94	2,952.01	2,952.01	17,244,790,000
Sep 22, 2019	2,983.50	3,007.98	2,945.53	2,961.79	2,961.79	16,722,640,000
Sep 15, 2019	2,996.41	3,021.99	2,978.57	2,992.07	2,992.07	20,787,010,000
Sep 08, 2019	2,988.43	3,020.74	2,957.01	3,007.39	3,007.39	19,712,530,000
Sep 01, 2019	2,909.01	2,985.86	2,891.85	2,978.71	2,978.71	13,707,670,000
Aug 25, 2019	2,866.70	2,940.43	2,853.05	2,926.46	2,926.46	15,686,820,000
Aug 18, 2019	2,913.48	2,939.08	2,834.97	2,847.11	2,847.11	16,141,480,000
Aug 11, 2019	2,907.07	2,943.31	2,825.51	2,888.68	2,888.68	19,076,710,000
Aug 04, 2019	2,898.07	2,938.72	2,822.12	2,918.65	2,918.65	20,687,590,000
Jul 28, 2019	3,024.47	3,025.61	2,914.11	2,932.05	2,932.05	20,160,210,000
Jul 21, 2019	2,981.93	3,027.98	2,976.65	3,025.86	3,025.86	16,700,450,000
Jul 14, 2019	3,017.80	3,017.80	2,973.09	2,976.61	2,976.61	16,014,490,000
Jul 07, 2019	2,979.77	3,013.92	2,963.44	3,013.77	3,013.77	15,253,340,000
Jun 30, 2019	2,971.41	2,995.84	2,952.22	2,990.41	2,990.41	11,147,600,000
Jun 23, 2019	2,951.42	2,954.92	2,912.99	2,941.76	2,941.76	18,812,890,000
Jun 16, 2019	2,889.75	2,964.15	2,887.30	2,950.46	2,950.46	18,516,760,000
Jun 09, 2019	2,885.83	2,910.61	2,874.68	2,886.98	2,886.98	15,894,210,000
Jun 02, 2019	2,751.53	2,884.97	2,728.81	2,873.34	2,873.34	18,026,770,000
May 26, 2019	2,830.03	2,840.51	2,750.52	2,752.06	2,752.06	15,106,790,000
May 19, 2019	2,841.94	2,868.88	2,805.49	2,826.06	2,826.06	16,499,350,000
May 12, 2019	2,840.19	2,892.15	2,801.43	2,859.53	2,859.53	17,050,540,000
May 05, 2019	2,908.89	2,937.32	2,825.39	2,881.40	2,881.40	17,765,260,000
Apr 28, 2019	2,940.58	2,954.13	2,900.50	2,945.64	2,945.64	17,918,950,000
Apr 21, 2019	2,898.78	2,939.88	2,896.35	2,939.88	2,939.88	16,857,490,000
Apr 14, 2019	2,908.32	2,918.00	2,891.90	2,905.03	2,905.03	13,672,850,000
Apr 07, 2019	2,888.46	2,910.54	2,873.33	2,907.41	2,907.41	15,877,870,000
Mar 31, 2019	2,848.63	2,893.24	2,848.63	2,892.74	2,892.74	16,592,010,000
Mar 24, 2019	2,796.01	2,836.03	2,785.02	2,834.40	2,834.40	17,055,060,000
Mar 17, 2019	2,822.61	2,860.31	2,800.47	2,800.71	2,800.71	18,917,020,000
Mar 10, 2019	2,747.61	2,830.73	2,747.61	2,822.48	2,822.48	20,454,890,000
Mar 04, 2019	2,814.37	2,816.88	2,722.27	2,743.07	2,743.07	18,737,740,000
Feb 25, 2019	2,804.35	2,813.49	2,775.13	2,803.69	2,803.69	19,748,980,000
Feb 18, 2019	2,769.28	2,794.20	2,764.55	2,792.67	2,792.67	14,467,710,000
Feb 11, 2019	2,712.40	2,775.66	2,703.79	2,775.60	2,775.60	18,417,330,000
Feb 04, 2019	2,706.49	2,738.98	2,681.83	2,707.88	2,707.88	18,217,210,000
Jan 28, 2019	2,644.89	2,716.66	2,631.05	2,706.53	2,706.53	16,137,630,000